Name,Group,Code,Grade,Length,Compilsory,profession,Continue_semester,Lecture,Experiment,Computer_room,Teacher_code
解析学Ⅰ,解析学1,10314,1,2,1,0,1,1,0,0,0001
解析学Ⅰ,解析学1,10324,1,2,1,0,1,1,0,0,0001
解析学Ⅱ,解析学2,10414,1,2,1,0,1,1,0,0,0001
解析学Ⅱ,解析学2,10424,1,2,1,0,1,1,0,0,0001
解析学Ⅲ,解析学3,10514,1,2,1,0,1,1,0,0,0001
解析学Ⅲ,解析学3,10524,1,2,1,0,1,1,0,0,0001
線形代数Ⅰ,線形代数1,10114,1,2,1,0,1,1,0,0,0001
線形代数Ⅰ,線形代数1,10124,1,2,1,0,1,1,0,0,0001
線形代数Ⅱ,線形代数2,10214,1,2,1,0,1,1,0,0,0001
線形代数Ⅱ,線形代数2,10224,1,2,1,0,1,1,0,0,0001
コンピュータリテラシ,コンピュータ1,10611,1,1,1,0,1,1,0,0,0002
コンピュータリテラシ実習,コンピュータ1,10621,1,2,1,0,1,0,1,1,0002
コンピュータリテラシ実習,コンピュータ1,10622,1,2,1,0,1,0,1,1,0002
プログラミング入門Ⅰ,コンピュータ2,10714,1,2,1,0,1,1,0,0,0002
プログラミング入門Ⅰ,コンピュータ2,10724,1,2,1,0,1,0,1,1,0002
プログラミング入門Ⅱ,コンピュータ3,10734,1,2,1,0,1,1,0,0,0002
プログラミング入門Ⅱ,コンピュータ3,10744,1,2,1,0,1,0,1,1,0002
ソフトウェアサイエンス概論Ⅰ,ソフトウェアサイエンス概論1,11201,1,1,1,0,1,1,0,0,0003
情報システム概論Ⅰ,情報システム概論1,11101,1,1,1,0,1,1,0,0,0003
知能情報メディア概論Ⅰ,知能情報メディア概論1,11001,1,1,1,0,1,1,0,0,0003
論理回路,コンピュータ3,10804,1,2,1,0,1,1,0,0,0003
論理回路,コンピュータ3,10904,1,2,1,0,1,1,0,0,0003
離散構造,解析学3,10914,1,2,1,0,1,1,0,0,0003
離散構造,解析学3,10924,1,2,1,0,1,1,0,0,0003
力学,物理1,11214,1,2,0,0,1,1,0,0,0010
力学,物理1,11304,1,2,0,0,1,1,0,0,0010
データ構造とアルゴリズム,データ構造とアルゴリズム1,11911,2,2,1,0,1,1,0,0,0004
データ構造とアルゴリズム,データ構造とアルゴリズム1,11921,2,2,1,0,1,1,0,0,0004
データ構造とアルゴリズム実験,データ構造とアルゴリズム1,11916,2,2,1,0,1,0,1,1,0004
データ構造とアルゴリズム実験,データ構造とアルゴリズム1,11921,2,2,1,0,1,0,1,1,0004
電気回路,電気回路1,12201,2,2,0,0,1,1,0,0,0005
電気回路,電気回路1,12202,2,2,0,0,1,1,0,0,0005
確率論,確率論1,11601,2,2,0,0,1,1,0,0,0006
確率論,確率論1,11602,2,2,0,0,1,1,0,0,0006
MathForCS,MathForCS1,13604,2,2,0,0,2,1,0,0,0007
MathForCS,MathForCS1,13704,2,2,0,0,2,1,0,0,0007
ソフトウェアサイエンス概論Ⅱ,ソフトウェアサイエンス概論2,11211,2,1,1,0,1,1,0,0,0008
論理システム,コンピュータ3,12801,2,1,0,0,1,1,0,0,0008
論理と形式化,論理と形式化1,12601,2,2,0,0,1,1,0,0,0009
論理と形式化,論理と形式化1,12602,2,2,0,0,1,1,0,0,0009
知能情報メディア概論Ⅱ,知能情報メディア概論2,11011,2,1,1,0,1,1,0,0,0003
情報システム概論Ⅱ,情報システム概論2,11111,2,1,1,0,1,1,0,0,0003
数値計算法,解析学3,12301,2,2,0,0,1,1,0,0,0012
数値計算法,解析学3,12302,2,2,0,0,1,1,0,0,0012
ソフトウェア技法,データ構造とアルゴリズム2,12901,2,2,0,0,1,1,0,0,0013
ソフトウェア技法,データ構造とアルゴリズム2,12902,2,2,0,0,1,1,0,0,0013
技術英語Ⅰ,技術英語1,13212,2,2,0,0,1,1,0,0,0014
技術英語Ⅰ,技術英語1,13222,2,2,0,0,1,1,0,0,0014
複素関数論,複素関数論1,11701,2,2,0,0,1,1,0,0,0015
複素関数論,複素関数論1,11701,2,2,0,0,1,1,0,0,0015
電磁気学,物理2,11404,2,2,1,0,1,1,0,0,0016
電磁気学,物理2,11405,2,2,1,0,1,1,0,0,0016
機械語序論,データ構造とアルゴリズム3,12701,2,2,0,0,1,1,0,0,0018
機械語序論,データ構造とアルゴリズム3,12702,2,2,0,0,1,1,0,0,0018
コンピュータグラフィックス基礎,データ構造とアルゴリズム3,13704,2,2,0,0,1,1,0,0,0019
コンピュータグラフィックス基礎,データ構造とアルゴリズム3,13705,2,2,0,0,1,1,0,0,0019
システム制御概論,システム制御概論1,12401,2,2,0,0,1,1,0,0,0020
システム制御概論,システム制御概論1,12402,2,2,0,0,1,1,0,0,0020
情報数学,情報数学1,11807,2,2,0,0,1,1,0,0,0021
情報数学,情報数学1,11807,2,2,0,0,1,1,0,0,0021
ソフトウェア構成論,データ構造とアルゴリズム3,13001,2,2,0,0,1,1,0,0,0022
ソフトウェア構成論,データ構造とアルゴリズム3,13002,2,2,0,0,1,1,0,0,0022
シミュレーション物理,物理3,11514,2,1,1,0,1,1,1,1,0023
情報理論,確率論2,12501,2,2,0,0,1,1,0,0,0024
情報理論,確率論2,12502,2,2,0,0,1,1,0,0,0024
プログラム言語論,プログラム言語1,20101,3,2,0,1,1,1,0,0,0025
プログラム言語論,プログラム言語1,20102,3,2,0,1,1,1,0,0,0025
インタラクティブCG,CG1,22401,3,2,0,1,1,1,0,0,0026
インタラクティブCG,CG1,22402,3,2,0,1,1,1,0,0,0026
音声聴覚情報処理,音声処理1,41501,3,2,0,3,1,1,0,0,0027
音声聴覚情報処理,音声処理1,41502,3,2,0,3,1,1,0,0,0027
パターン認識,パターン認識1,40201,3,2,0,3,1,1,0,0,0028
パターン認識,パターン認識1,40202,3,2,0,3,1,1,0,0,0028
システム評価技法,コンピュータアーキテクチャ2,32001,3,2,0,2,1,1,0,0,0029
システム評価技法,コンピュータアーキテクチャ2,32002,3,2,0,2,1,1,0,0,0029
信号解析,信号処理3,41301,3,2,0,3,1,1,0,0,0030
信号解析,信号処理3,41302,3,2,0,3,1,1,0,0,0030
システム数理,システム数理1,22001,3,2,0,1,1,1,0,0,0031
システム数理,システム数理1,22002,3,2,0,1,1,1,0,0,0031
エージェントシステム,エージェントシステム1,21301,3,1,0,1,1,1,0,0,0032
計算機アーキテクチャ,コンピュータアーキテクチャ1,30201,3,2,0,2,1,1,0,0,0033
計算機アーキテクチャ,コンピュータアーキテクチャ1,30202,3,2,0,2,1,1,0,0,0033
並列処理アーキテクチャ,並列処理1,31101,3,2,0,2,1,1,0,0,0034
並列処理アーキテクチャ,並列処理1,31102,3,2,0,2,1,1,0,0,0034
統計学,統計学1,41204,3,2,0,3,1,1,0,0,0035
統計学,統計学1,41205,3,2,0,3,1,1,0,0,0035
信号処理概論,信号処理1,40101,3,1,0,3,1,1,0,0,0036
自然言語処理,自然言語1,41601,3,2,0,3,1,1,0,0,0037
自然言語処理,自然言語1,41602,3,2,0,3,1,1,0,0,0037
情報確率過程,情報確率1,21901,3,2,0,1,2,1,0,0,0038
情報確率過程,情報確率1,21902,3,2,0,1,2,1,0,0,0038
宣言型プログラム論,プログラム理論1,20204,3,2,0,1,1,1,0,0,0034
宣言型プログラム論,プログラム理論1,20205,3,2,0,1,1,1,0,0,0034
プログラム言語処理,プログラム言語2,31301,3,2,0,2,1,1,0,0,0035
プログラム言語処理,プログラム言語2,31302,3,2,0,2,1,1,0,0,0035
オペレーティングシステムⅠ,コンピュータアーキテクチャ2,30401,3,2,0,2,1,1,0,0,0036
オペレーティングシステムⅠ,コンピュータアーキテクチャ2,30402,3,2,0,2,1,1,0,0,0036
オペレーティングシステムⅡ,コンピュータアーキテクチャ3,31801,3,1,0,2,1,1,0,0,0036
機械学習,機械学習1,42404,3,2,0,3,1,1,0,0,0037
機械学習,機械学習1,42405,3,2,0,3,1,1,0,0,0037
画像メディア工学,画像メディア1,42201,3,2,0,3,1,1,0,0,0038
画像メディア工学,画像メディア1,42201,3,2,0,3,1,1,0,0,0038
分散システム,システムプログラム2,31901,3,1,0,2,1,1,0,0,0039
メディア通信工学,メディア通信1,42001,3,2,0,3,1,1,0,0,0040
メディア通信工学,メディア通信1,42002,3,2,0,3,1,1,0,0,0040
数理アルゴリズム,数値1,20201,3,2,0,1,1,1,0,0,0041
数理アルゴリズム,数値1,20201,3,2,0,1,1,1,0,0,0041
システムプログラム,システムプログラム1,31401,3,2,0,2,1,1,0,0,0045
システムプログラム,システムプログラム1,31402,3,2,0,2,1,0,1,1,0045
プログラム理論,プログラム理論1,21101,3,2,0,1,1,1,0,0,0046
プログラム理論,プログラム理論1,21102,3,2,0,1,1,1,0,0,0046
数値シミュレーション,数値2,22201,3,2,0,1,1,1,0,0,0047
数値シミュレーション,数値2,22202,3,2,0,1,1,1,0,0,0047
データベース概論Ⅰ,データベース1,31301,3,2,0,2,1,1,0,0,0048
データベース概論Ⅰ,データベース1,31302,3,2,0,2,1,1,0,0,0048
データベース概論Ⅱ,データベース2,31601,3,2,0,2,1,1,0,0,0049
データベース概論Ⅱ,データベース2,31602,3,2,0,2,1,1,0,0,0049
ソフトウェア工学,ソフトウェア1,31501,3,2,0,2,1,1,0,0,0050
ソフトウェア工学,ソフトウェア1,31502,3,2,0,2,1,1,0,0,0050
知識処理概論,知識処理概論1,41901,3,2,0,3,1,1,0,0,0051
知識処理概論,知識処理概論1,41902,3,2,0,3,1,1,0,0,0051
オートマトンと形式言語,オートマトン1,21601,3,2,0,1,1,1,0,0,0052
オートマトンと形式言語,オートマトン1,21602,3,2,0,1,1,1,0,0,0052
電子回路,電気回路2,32201,3,2,0,2,1,1,0,0,0053
電子回路,電気回路2,32202,3,2,0,2,1,1,0,0,0053
ディジタル信号処理,信号処理2,41401,3,2,0,3,1,1,0,0,0054
ディジタル信号処理,信号処理2,41402,3,2,0,3,1,1,0,0,0054
ヒューマンインターフェース,ヒューマン1,40301,3,2,0,3,1,1,0,0,0055
ヒューマンインターフェース,ヒューマン1,40302,3,2,0,3,1,1,0,0,0055
数理メディア情報学,数理メディア1,22101,3,2,0,1,1,1,0,0,0056
数理メディア情報学,数理メディア1,22102,3,2,0,1,1,1,0,0,0056
計算モデル論,計算モデル1,21504,3,2,0,1,1,1,0,0,0057
計算モデル論,計算モデル1,21505,3,2,0,1,1,1,0,0,0057
情報検索概論,データベース１,31701,3,2,0,2,1,1,0,0,0058
情報検索概論,データベース１,31702,3,2,0,2,1,1,0,0,0058
VLSI工学,VLSI1,31201,3,2,0,2,1,1,0,0,0059
VLSI工学,VLSI1,31202,3,2,0,2,1,1,0,0,0059
生体情報科学概論,生体科学1,41701,3,2,0,3,1,1,0,0,0060
生体情報科学概論,生体科学1,41702,3,2,0,3,1,1,0,0,0060
画像認識工学,画像認識1,42301,3,2,0,3,1,1,0,0,0061
画像認識工学,画像認識1,42302,3,2,0,3,1,1,0,0,0061
計算論理,プログラム理論2,21404,3,2,0,1,1,1,0,0,0062
計算論理,プログラム理論2,21405,3,2,0,1,1,1,0,0,0062
システム検証論,システム検証1,21701,3,2,0,1,1,1,0,0,0063
システム検証論,システム検証1,21702,3,2,0,1,1,1,0,0,0063
確率的知識処理,確率的知識処理1,41801,3,2,0,3,1,1,0,0,0064
確率的知識処理,確率的知識処理1,41802,3,2,0,3,1,1,0,0,0064
ソフトウェアサイエンスセミナー,ソフトウェアサイエンスセミナー1,21801,3,2,0,1,2,1,0,0,0065
ソフトウェアサイエンスセミナー,ソフトウェアサイエンスセミナー1,21802,3,2,0,1,2,1,0,0,0065
人工知能,人工知能1,20301,3,2,0,1,1,1,0,0,0066
人工知能,人工知能1,20302,3,2,0,1,1,1,0,0,0066
コンピュータネットワーク,コンピュータネットワーク1,30101,3,2,0,2,1,1,0,0,0067
コンピュータネットワーク,コンピュータネットワーク1,30102,3,2,0,2,1,1,0,0,0067
認知科学概論,認知科学1,41101,3,1,0,3,1,1,0,0,0068
情報セキュリティ,セキュリティ1,49901,3,2,0,3,1,1,0,0,0069
情報セキュリティ,セキュリティ1,49902,3,2,0,3,1,1,0,0,0069
情報線形代数,情報線形代数1,29901,3,2,0,1,1,1,0,0,0070
情報線形代数,情報線形代数1,29902,3,2,0,1,1,1,0,0,0070